 163 211 212 210 207 205 204 201 199 196 195 193 193 190 188 184
 131 210 208 208 206 205 204 200 199 196 194 192 191 189 187 184
 130 207 207 206 205 202 200 197 196 194 192 192 191 189 187 184
 133 207 206 205 202 201 199 194 180 189 192 190 190 189 186 184
 136 206 205 201 199 197 193 169  72 160 187 188 188 187 185 184
 139 202 201 197 195 193 166  55  17  31 136 176 178 185 184 182
 146 198 198 190 172 169  57  11  11  11  36  61 127 179 181 180
 148 196 190 130  60  49  16  14  10  12  12  10  34 112 164 180
 155 188 100  27  16  14  13  17  15  13   9   9   9  18  74 171
 163 125  25  16  15  16  17  16  13  11  12  15  13  13  17 117
 163  76  79  68  57  57  64  56  50  57  52  43  54  47  40  82
 163 192 193 192 188 192 191 188 188 188 184 186 187 181 177 180
 161 193 194 193 193 192 192 193 192 192 191 191 190 189 188 184
 165 193 193 193 192 193 190 189 188 189 189 189 188 188 187 184
 171 190 190 191 189 188 188 187 187 186 186 186 185 186 185 183
 128 149 144 140 153 150 140 149 153 138 149 157 142 150 159 147
 122 180 179 177 175 175 173 169 167 165 164 162 161 159 157 153
  94 178 176 175 175 173 171 168 165 164 162 161 159 157 156 152
  92 176 176 175 172 171 168 166 164 163 162 160 159 157 156 152
  97 175 174 172 170 168 166 163 154 159 159 157 158 156 154 152
 101 172 172 170 167 166 162 141  50 135 156 156 156 155 154 152
 107 170 169 166 164 161 136  43   9  13 100 150 152 152 152 149
 118 168 166 161 148 147  42   8  10   9  24  46 104 150 151 150
 118 164 161 109  33  41   8   8   8   7   9   8  15  86 137 150
 126 159  86  22  10   9   8   7   8   8   8   8   9   9  52 145
 133  95  11   9   9   9   8   7   9   8   7   7   8   8  10  89
 132  48  50  44  33  35  42  30  27  36  26  20  32  24  17  48
 129 160 162 161 157 160 159 157 156 158 154 154 157 149 145 150
 127 161 161 161 160 159 159 159 158 159 158 158 157 156 154 153
 137 159 160 160 157 157 157 156 155 156 157 156 156 154 154 151
 141 157 158 157 156 156 154 154 154 153 153 154 153 154 152 149
 106 126 117 115 127 124 114 123 127 113 122 133 118 125 132 120
 140 196 195 193 191 190 189 186 183 182 180 177 176 174 171 168
 110 195 193 191 190 189 187 184 181 180 178 176 175 172 171 166
 109 191 191 191 189 187 185 182 180 179 175 175 174 173 170 167
 111 188 190 189 186 185 183 180 171 175 174 173 171 171 169 167
 110 189 188 186 184 183 179 160  66 144 172 171 169 169 168 165
 116 186 185 183 181 177 158  63  18  17 114 167 166 168 165 164
 128 184 182 177 162 164  67  12  11  12  28  54 109 162 164 163
 126 180 178 127  50  62  13  11   9   9   9  11  19 104 152 164
 131 175 112  35  12   9   9   9   9   9   8   9  11  13  63 155
 139 121  24  12  10  11  13   9  10  10  11   8  12   8  10  90
 143  79  59  55  43  44  50  38  34  44  31  25  37  30  25  53
 139 174 176 173 169 173 173 169 170 170 161 165 168 161 155 159
 136 176 176 176 176 175 174 173 172 172 172 173 171 170 169 167
 141 173 175 175 173 173 173 172 170 170 170 170 170 169 168 165
 149 171 172 172 172 171 170 169 169 168 167 167 167 166 166 161
 116 141 134 137 147 144 135 138 141 132 140 150 134 139 148 136

 184 184 184 184 184 182 180 180 171 117  82 180 184 184 183 147
 188 187 187 186 185 184 181 164  74  17  40 177 188 187 185 159
 190 189 189 189 187 185 179 112  18  13  47 181 189 188 186 150
 193 191 191 190 188 178 127  34   9  13  54 187 190 188 185 142
 193 192 192 190 188 176  61  10   9  15  43 186 191 189 186 157
 195 194 192 192 187 136  36  12   9  12  52 184 191 189 186 149
 196 196 194 189 160  31  11  12  13  11  57 188 192 189 186 138
 199 199 196 180  72  17  11  10  15  13  50 188 192 188 187 153
 201 200 197 194 169  55  11  14  17  16  56 188 193 189 187 149
 204 204 200 199 193 166  57  16  13  17  64 191 192 190 188 140
 205 205 202 201 197 193 169  49  14  16  57 192 192 193 188 150
 207 206 205 202 199 195 172  60  16  15  57 188 193 192 189 153
 210 208 206 205 201 197 190 130  27  16  68 192 193 193 191 140
 212 208 207 206 205 201 198 190 100  25  79 193 194 193 190 144
 211 210 207 207 206 202 198 196 188 125  76 192 193 193 190 149
 163 131 130 133 136 139 146 148 155 163 163 163 161 165 171 128
 153 152 152 152 152 149 150 150 145  89  48 150 153 151 149 120
 157 156 156 154 154 152 151 137  52  10  17 145 154 154 152 132
 159 157 157 156 155 152 150  86   9   8  24 149 156 154 154 125
 161 159 159 158 156 152 104  15   9   8  32 157 157 156 153 118
 162 161 160 157 156 150  46   8   8   7  20 154 158 156 154 133
 164 162 162 159 156 100  24   9   8   7  26 154 158 157 153 122
 165 164 163 159 135  13   9   7   8   8  36 158 159 156 153 113
 167 165 164 154  50   9  10   8   8   9  27 156 158 155 154 127
 169 168 166 163 141  43   8   8   7   7  30 157 159 156 154 123
 173 171 168 166 162 136  42   8   8   8  42 159 159 157 154 114
 175 173 171 168 166 161 147  41   9   9  35 160 159 157 156 124
 175 175 172 170 167 164 148  33  10   9  33 157 160 157 156 127
 177 175 175 172 170 166 161 109  22   9  44 161 161 160 157 115
 179 176 176 174 172 169 166 161  86  11  50 162 161 160 158 117
 180 178 176 175 172 170 168 164 159  95  48 160 161 159 157 126
 122  94  92  97 101 107 118 118 126 133 132 129 127 137 141 106
 168 166 167 167 165 164 163 164 155  90  53 159 167 165 161 136
 171 171 170 169 168 165 164 152  63  10  25 155 169 168 166 148
 174 172 173 171 169 168 162 104  13   8  30 161 170 169 166 139
 176 175 174 171 169 166 109  19  11  12  37 168 171 170 167 134
 177 176 175 173 171 167  54  11   9   8  25 165 173 170 167 150
 180 178 175 174 172 114  28   9   8  11  31 161 172 170 167 140
 182 180 179 175 144  17  12   9   9  10  44 170 172 170 168 132
 183 181 180 171  66  18  11   9   9  10  34 170 172 170 169 141
 186 184 182 180 160  63  12  11   9   9  38 169 173 172 169 138
 189 187 185 183 179 158  67  13   9  13  50 173 174 173 170 135
 190 189 187 185 183 177 164  62   9  11  44 173 175 173 171 144
 191 190 189 186 184 181 162  50  12  10  43 169 176 173 172 147
 193 191 191 189 186 183 177 127  35  12  55 173 176 175 172 137
 195 193 191 190 188 185 182 178 112  24  59 176 176 175 172 134
 196 195 191 188 189 186 184 180 175 121  79 174 176 173 171 141
 140 110 109 111 110 116 128 126 131 139 143 139 136 141 149 116

 147 159 150 142 157 149 138 153 149 140 150 153 140 144 149 128
 183 185 186 185 186 186 186 187 187 188 188 189 191 190 190 171
 184 187 188 188 189 189 189 188 189 190 193 192 193 193 193 165
 184 188 189 190 191 191 192 192 193 192 192 193 193 194 193 161
 180 177 181 187 186 184 188 188 188 191 192 188 192 193 192 163
  82  40  47  54  43  52  57  50  56  64  57  57  68  79  76 163
 117  17  13  13  15  12  11  13  16  17  16  15  16  25 125 163
 171  74  18   9   9   9  13  15  17  13  14  16  27 100 188 155
 180 164 112  34  10  12  12  10  14  16  49  60 130 190 196 148
 180 181 179 127  61  36  11  11  11  57 169 172 190 198 198 146
 182 184 185 178 176 136  31  17  55 166 193 195 197 201 202 139
 184 185 187 188 188 187 160  72 169 193 197 199 201 205 206 136
 184 186 189 190 190 192 189 180 194 199 201 202 205 206 207 133
 184 187 189 191 192 192 194 196 197 200 202 205 206 207 207 130
 184 187 189 191 192 194 196 199 200 204 205 206 208 208 210 131
 184 188 190 193 193 195 196 199 201 204 205 207 210 212 211 163
 120 132 125 118 133 122 113 127 123 114 124 127 115 117 126 106
 149 152 154 153 154 153 153 154 154 154 156 156 157 158 157 141
 151 154 154 156 156 157 156 155 156 157 157 157 160 160 159 137
 153 154 156 157 158 158 159 158 159 159 159 160 161 161 161 127
 150 145 149 157 154 154 158 156 157 159 160 157 161 162 160 129
  48  17  24  32  20  26  36  27  30  42  35  33  44  50  48 132
  89  10   8   8   7   7   8   9   7   8   9   9   9  11  95 133
 145  52   9   9   8   8   8   8   7   8   9  10  22  86 159 126
 150 137  86  15   8   9   7   8   8   8  41  33 109 161 164 118
 150 151 150 104  46  24   9  10   8  42 147 148 161 166 168 118
 149 152 152 152 150 100  13   9  43 136 161 164 166 169 170 107
 152 154 155 156 156 156 135  50 141 162 166 167 170 172 172 101
 152 154 156 158 157 159 159 154 163 166 168 170 172 174 175  97
 152 156 157 159 160 162 163 164 166 168 171 172 175 176 176  92
 152 156 157 159 161 162 164 165 168 171 173 175 175 176 178  94
 153 157 159 161 162 164 165 167 169 173 175 175 177 179 180 122
 136 148 139 134 150 140 132 141 138 135 144 147 137 134 141 116
 161 166 166 167 167 167 168 169 169 170 171 172 172 172 171 149
 165 168 169 170 170 170 170 170 172 173 173 173 175 175 173 141
 167 169 170 171 173 172 172 172 173 174 175 176 176 176 176 136
 159 155 161 168 165 161 170 170 169 173 173 169 173 176 174 139
  53  25  30  37  25  31  44  34  38  50  44  43  55  59  79 143
  90  10   8  12   8  11  10  10   9  13  11  10  12  24 121 139
 155  63  13  11   9   8   9   9   9   9   9  12  35 112 175 131
 164 152 104  19  11   9   9   9  11  13  62  50 127 178 180 126
 163 164 162 109  54  28  12  11  12  67 164 162 177 182 184 128
 164 165 168 166 167 114  17  18  63 158 177 181 183 185 186 116
 165 168 169 169 171 172 144  66 160 179 183 184 186 188 189 110
 167 169 171 171 173 174 175 171 180 183 185 186 189 190 188 111
 167 170 173 174 175 175 179 180 182 185 187 189 191 191 191 109
 166 171 172 175 176 178 180 181 184 187 189 190 191 193 195 110
 168 171 174 176 177 180 182 183 186 189 190 191 193 195 196 140

 128 171 165 161 163 163 163 155 148 146 139 136 133 130 131 163
 149 190 193 193 192  76 125 188 196 198 202 206 207 207 210 211
 144 190 193 194 193  79  25 100 190 198 201 205 206 207 208 212
 140 191 193 193 192  68  16  27 130 190 197 201 205 206 208 210
 153 189 192 193 188  57  15  16  60 172 195 199 202 205 206 207
 150 188 193 192 192  57  16  14  49 169 193 197 201 202 205 205
 140 188 190 192 191  64  17  13  16  57 166 193 199 200 204 204
 149 187 189 193 188  56  16  17  14  11  55 169 194 197 200 201
 153 187 188 192 188  50  13  15  10  11  17  72 180 196 199 199
 138 186 189 192 188  57  11  13  12  11  31 160 189 194 196 196
 149 186 189 191 184  52  12   9  12  36 136 187 192 192 194 195
 157 186 189 191 186  43  15   9  10  61 176 188 190 192 192 193
 142 185 188 190 187  54  13   9  34 127 178 188 190 191 191 193
 150 186 188 189 181  47  13  18 112 179 185 187 189 189 189 190
 159 185 187 188 177  40  17  74 164 181 184 185 186 187 187 188
 147 183 184 184 180  82 117 171 180 180 182 184 184 184 184 184
 106 141 137 127 129 132 133 126 118 118 107 101  97  92  94 122
 126 157 159 161 160  48  95 159 164 168 170 172 175 176 178 180
 117 158 160 161 162  50  11  86 161 166 169 172 174 176 176 179
 115 157 160 161 161  44   9  22 109 161 166 170 172 175 175 177
 127 156 157 160 157  33   9  10  33 148 164 167 170 172 175 175
 124 156 157 159 160  35   9   9  41 147 161 166 168 171 173 175
 114 154 157 159 159  42   8   8   8  42 136 162 166 168 171 173
 123 154 156 159 157  30   7   7   8   8  43 141 163 166 168 169
 127 154 155 158 156  27   9   8   8  10   9  50 154 164 165 167
 113 153 156 159 158  36   8   8   7   9  13 135 159 163 164 165
 122 153 157 158 154  26   7   8   9  24 100 156 159 162 162 164
 133 154 156 158 154  20   7   8   8  46 150 156 157 160 161 162
 118 153 156 157 157  32   8   9  15 104 152 156 158 159 159 161
 125 154 154 156 149  24   8   9  86 150 152 155 156 157 157 159
 132 152 154 154 145  17  10  52 137 151 152 154 154 156 156 157
 120 149 151 153 150  48  89 145 150 150 149 152 152 152 152 153
 116 149 141 136 139 143 139 131 126 128 116 110 111 109 110 140
 141 171 173 176 174  79 121 175 180 184 186 189 188 191 195 196
 134 172 175 176 176  59  24 112 178 182 185 188 190 191 193 195
 137 172 175 176 173  55  12  35 127 177 183 186 189 191 191 193
 147 172 173 176 169  43  10  12  50 162 181 184 186 189 190 191
 144 171 173 175 173  44  11   9  62 164 177 183 185 187 189 190
 135 170 173 174 173  50  13   9  13  67 158 179 183 185 187 189
 138 169 172 173 169  38   9   9  11  12  63 160 180 182 184 186
 141 169 170 172 170  34  10   9   9  11  18  66 171 180 181 183
 132 168 170 172 170  44  10   9   9  12  17 144 175 179 180 182
 140 167 170 172 161  31  11   8   9  28 114 172 174 175 178 180
 150 167 170 173 165  25   8   9  11  54 167 171 173 175 176 177
 134 167 170 171 168  37  12  11  19 109 166 169 171 174 175 176
 139 166 169 170 161  30   8  13 104 162 168 169 171 173 172 174
 148 166 168 169 155  25  10  63 152 164 165 168 169 170 171 171
 136 161 165 167 159  53  90 155 164 163 164 165 167 167 166 168

