 235 240 238 237 238 237 234 228 236 235 233 232 229 230 229 223
 241 245 242 239 243 224 181 189 239 242 239 237 235 232 231 227
 243 244 242 240 221  57  37  38 131 242 240 238 236 234 231 228
 243 244 244 242 186  40  37  36  48 221 241 238 236 234 231 228
 242 244 245 244 184  38  62 150  76 146 188 223 236 234 232 228
 241 172 210 245 196  40 107 220  96  43  44  50 142 232 233 230
 241 227  98 188 153  43 139 122  38  39  36  37  43 153 234 231
 240 241 197  74  52  75 214  74  38  36  34  35  38  47 181 231
 241 241 244 233 225 241 240 106  37  36  35  34  38  40 106 232
 242 241 244 245 244 245 241 174  39  36  34  35  36  44 174 232
 243 240 244 244 245 245 242 227  55  36  34  34  40 145 237 232
 242 240 242 245 245 245 241 190  43  38  35  36  44 226 238 230
 242 240 242 244 247 245 237  99  42  40  38  38  41  77 205 229
 243 240 241 245 245 245 236 190 193 168 124  55  40  43 142 231
 243 239 242 244 246 244 240 238 241 243 238 224 171 181 230 231
 241 234 237 241 242 239 236 234 237 236 234 232 238 239 234 226
 225 230 227 225 227 225 221 218 228 227 225 222 221 219 218 211
 230 234 232 230 233 214 170 181 228 231 229 226 225 223 222 216
 232 236 233 231 211  53  36  38 123 231 229 227 226 224 221 216
 234 236 234 233 179  37  36  36  47 207 229 227 226 225 222 217
 235 234 235 234 177  38  60 146  74 138 179 211 225 223 223 218
 233 163 201 235 187  39 104 211  91  40  40  48 131 221 223 219
 233 218  94 180 147  41 134 118  38  38  37  38  41 144 223 219
 233 234 187  71  48  71 204  73  38  37  36  36  38  44 170 220
 233 233 234 224 217 231 230 103  38  36  35  35  37  39  96 220
 233 232 235 236 237 235 232 168  39  36  35  35  36  41 162 219
 234 232 234 237 237 236 232 218  54  36  35  35  38 135 225 219
 232 232 233 236 237 235 231 184  41  37  36  36  43 213 226 219
 232 232 233 236 237 235 227  97  40  39  37  36  38  73 193 219
 232 231 233 235 237 235 227 180 182 160 116  51  39  40 132 220
 232 230 232 235 236 234 229 227 230 231 227 213 161 169 218 220
 232 228 230 232 233 231 228 226 227 227 225 223 226 226 221 214
 207 211 208 206 207 206 202 199 209 209 205 203 202 201 200 196
 212 215 213 210 213 193 152 161 207 212 208 205 205 203 203 199
 213 216 213 211 190  44  30  31 108 211 209 205 205 203 203 199
 214 216 214 213 158  32  30  30  37 186 209 206 204 203 203 199
 214 214 215 214 158  31  50 129  63 119 160 190 203 203 202 200
 213 145 181 215 166  32  88 189  78  32  33  38 114 200 202 199
 212 197  80 161 128  33 116 104  32  31  31  31  32 124 201 199
 213 213 167  58  38  58 181  64  31  31  29  29  32  36 151 200
 213 212 214 203 196 209 208  91  31  31  29  29  31  31  80 200
 214 213 214 216 216 215 211 148  30  30  29  29  30  33 140 199
 213 212 214 215 216 215 211 195  45  30  29  28  32 116 203 200
 213 212 213 216 216 215 210 163  35  30  30  31  36 192 205 200
 213 212 213 216 216 215 206  85  33  32  32  31  32  60 173 199
 214 212 214 215 217 215 205 160 162 140 101  42  33  34 115 199
 214 212 214 215 216 214 209 205 210 211 206 192 143 150 197 200
 212 209 212 213 214 211 208 205 208 208 205 203 206 207 202 197

 223 227 228 228 228 230 231 231 232 232 232 230 229 231 231 226
 229 231 231 231 232 233 234 181 106 174 237 238 205 142 230 234
 230 232 234 234 234 232 153  47  40  44 145 226  77  43 181 239
 229 235 236 236 236 142  43  38  38  36  40  44  41  40 171 238
 232 237 238 238 223  50  37  35  34  35  34  36  38  55 224 232
 233 239 240 241 188  44  36  34  35  34  34  35  38 124 238 234
 235 242 242 221 146  43  39  36  36  36  36  38  40 168 243 236
 236 239 131  48  76  96  38  38  37  39  55  43  42 193 241 237
 228 189  38  36 150 220 122  74 106 174 227 190  99 190 238 234
 234 181  37  37  62 107 139 214 240 241 242 241 237 236 240 236
 237 224  57  40  38  40  43  75 241 245 245 245 245 245 244 239
 238 243 221 186 184 196 153  52 225 244 245 245 247 245 246 242
 237 239 240 242 244 245 188  74 233 245 244 245 244 245 244 241
 238 242 242 244 245 210  98 197 244 244 244 242 242 241 242 237
 240 245 244 244 244 172 227 241 241 241 240 240 240 240 239 234
 235 241 243 243 242 241 241 240 241 242 243 242 242 243 243 241
 211 216 216 217 218 219 219 220 220 219 219 219 219 220 220 214
 218 222 221 222 223 223 223 170  96 162 225 226 193 132 218 221
 219 223 224 225 223 221 144  44  39  41 135 213  73  40 169 226
 221 225 226 226 225 131  41  38  37  36  38  43  38  39 161 226
 222 226 227 227 211  48  38  36  35  35  35  36  36  51 213 223
 225 229 229 229 179  40  37  36  35  35  35  36  37 116 227 225
 227 231 231 207 138  40  38  37  36  36  36  37  39 160 231 227
 228 228 123  47  74  91  38  38  38  39  54  41  40 182 230 227
 218 181  38  36 146 211 118  73 103 168 218 184  97 180 227 226
 221 170  36  36  60 104 134 204 230 232 232 231 227 227 229 228
 225 214  53  37  38  39  41  71 231 235 236 235 235 235 234 231
 227 233 211 179 177 187 147  48 217 237 237 237 237 237 236 233
 225 230 231 233 234 235 180  71 224 236 237 236 236 235 235 232
 227 232 233 234 235 201  94 187 234 235 234 233 233 233 232 230
 230 234 236 236 234 163 218 234 233 232 232 232 232 231 230 228
 225 230 232 234 235 233 233 233 233 233 234 232 232 232 232 232
 196 199 199 199 200 199 199 200 200 199 200 200 199 199 200 197
 200 203 203 203 202 202 201 151  80 140 203 205 173 115 197 202
 201 203 203 203 203 200 124  36  31  33 116 192  60  34 150 207
 202 205 205 204 203 114  32  32  31  30  32  36  32  33 143 206
 203 205 205 206 190  38  31  29  29  29  28  31  31  42 192 203
 205 208 209 209 160  33  31  29  29  29  29  30  32 101 206 205
 209 212 211 186 119  32  31  31  31  30  30  30  32 140 211 208
 209 207 108  37  63  78  32  31  31  30  45  35  33 162 210 208
 199 161  31  30 129 189 104  64  91 148 195 163  85 160 205 205
 202 152  30  30  50  88 116 181 208 211 211 210 206 205 209 208
 206 193  44  32  31  32  33  58 209 215 215 215 215 215 214 211
 207 213 190 158 158 166 128  38 196 216 216 216 216 217 216 214
 206 210 211 213 214 215 161  58 203 216 215 216 216 215 215 213
 208 213 213 214 215 181  80 167 214 214 214 213 213 214 214 212
 211 215 216 216 214 145 197 213 212 213 212 212 212 212 212 209
 207 212 213 214 214 213 212 213 213 214 213 213 213 214 214 212

 226 234 239 238 232 234 236 237 234 236 239 242 241 237 234 241
 231 230 181 171 224 238 243 241 238 240 244 246 244 242 239 243
 231 142  43  40  55 124 168 193 190 236 245 245 245 241 240 243
 229 205  77  41  38  38  40  42  99 237 245 247 244 242 240 242
 230 238 226  44  36  35  38  43 190 241 245 245 245 242 240 242
 232 237 145  40  34  34  36  55 227 242 245 245 244 244 240 243
 232 174  44  36  35  34  36  39 174 241 245 244 245 244 241 242
 232 106  40  38  34  35  36  37 106 240 241 225 233 244 241 241
 231 181  47  38  35  34  36  38  74 214  75  52  74 197 241 240
 231 234 153  43  37  36  39  38 122 139  43 153 188  98 227 241
 230 233 232 142  50  44  43  96 220 107  40 196 245 210 172 241
 228 232 234 236 223 188 146  76 150  62  38 184 244 245 244 242
 228 231 234 236 238 241 221  48  36  37  40 186 242 244 244 243
 228 231 234 236 238 240 242 131  38  37  57 221 240 242 244 243
 227 231 232 235 237 239 242 239 189 181 224 243 239 242 245 241
 223 229 230 229 232 233 235 236 228 234 237 238 237 238 240 235
 214 221 226 226 223 225 227 227 226 228 231 233 232 230 228 232
 220 218 169 161 213 227 231 230 227 229 234 236 235 232 230 232
 220 132  40  39  51 116 160 182 180 227 235 237 235 233 231 232
 219 193  73  38  36  37  39  40  97 227 235 237 236 233 232 232
 219 226 213  43  36  36  37  41 184 231 235 237 236 233 232 232
 219 225 135  38  35  35  36  54 218 232 236 237 237 234 232 234
 219 162  41  36  35  35  36  39 168 232 235 237 236 235 232 233
 220  96  39  37  35  35  36  38 103 230 231 217 224 234 233 233
 220 170  44  38  36  36  37  38  73 204  71  48  71 187 234 233
 219 223 144  41  38  37  38  38 118 134  41 147 180  94 218 233
 219 223 221 131  48  40  40  91 211 104  39 187 235 201 163 233
 218 223 223 225 211 179 138  74 146  60  38 177 234 235 234 235
 217 222 225 226 227 229 207  47  36  36  37 179 233 234 236 234
 216 221 224 226 227 229 231 123  38  36  53 211 231 233 236 232
 216 222 223 225 226 229 231 228 181 170 214 233 230 232 234 230
 211 218 219 221 222 225 227 228 218 221 225 227 225 227 230 225
 197 202 207 206 203 205 208 208 205 208 211 214 213 212 209 212
 200 197 150 143 192 206 211 210 205 209 214 216 215 214 212 214
 199 115  34  33  42 101 140 162 160 205 215 217 215 214 212 214
 199 173  60  32  31  32  32  33  85 206 215 216 216 213 212 213
 200 205 192  36  31  30  30  35 163 210 215 216 216 213 212 213
 200 203 116  32  28  29  30  45 195 211 215 216 215 214 212 213
 199 140  33  30  29  29  30  30 148 211 215 216 216 214 213 214
 200  80  31  31  29  29  31  31  91 208 209 196 203 214 212 213
 200 151  36  32  29  29  31  31  64 181  58  38  58 167 213 213
 199 201 124  32  31  31  31  32 104 116  33 128 161  80 197 212
 199 202 200 114  38  33  32  78 189  88  32 166 215 181 145 213
 200 202 203 203 190 160 119  63 129  50  31 158 214 215 214 214
 199 203 203 204 206 209 186  37  30  30  32 158 213 214 216 214
 199 203 203 205 205 209 211 108  31  30  44 190 211 213 216 213
 199 203 203 205 205 208 212 207 161 152 193 213 210 213 215 212
 196 200 201 202 203 205 209 209 199 202 206 207 206 208 211 207

 241 243 243 242 242 243 242 241 240 241 241 242 243 243 241 235
 234 239 240 240 240 240 241 241 241 227 172 244 244 244 245 240
 237 242 241 242 242 244 244 244 197  98 210 245 244 242 242 238
 241 244 245 244 245 244 245 233  74 188 245 244 242 240 239 237
 242 246 245 247 245 245 244 225  52 153 196 184 186 221 243 238
 239 244 245 245 245 245 245 241  75  43  40  38  40  57 224 237
 236 240 236 237 241 242 241 240 214 139 107  62  37  37 181 234
 234 238 190  99 190 227 174 106  74 122 220 150  36  38 189 228
 237 241 193  42  43  55  39  37  38  38  96  76  48 131 239 236
 236 243 168  40  38  36  36  36  36  39  43 146 221 242 242 235
 234 238 124  38  35  34  34  35  34  36  44 188 241 240 239 233
 232 224  55  38  36  34  35  34  35  37  50 223 238 238 237 232
 238 171  40  41  44  40  36  38  38  43 142 236 236 236 235 229
 239 181  43  77 226 145  44  40  47 153 232 234 234 234 232 230
 234 230 142 205 238 237 174 106 181 234 233 232 231 231 231 229
 226 231 231 229 230 232 232 232 231 231 230 228 228 228 227 223
 232 232 232 232 232 234 233 233 233 233 233 235 234 232 230 225
 228 230 231 232 232 232 232 233 234 218 163 234 236 236 234 230
 230 232 233 233 233 234 235 234 187  94 201 235 234 233 232 227
 232 235 235 236 236 237 236 224  71 180 235 234 233 231 230 225
 233 236 237 237 237 237 237 217  48 147 187 177 179 211 233 227
 231 234 235 235 235 236 235 231  71  41  39  38  37  53 214 225
 228 229 227 227 231 232 232 230 204 134 104  60  36  36 170 221
 226 227 180  97 184 218 168 103  73 118 211 146  36  38 181 218
 227 230 182  40  41  54  39  38  38  38  91  74  47 123 228 228
 227 231 160  39  37  36  36  36  37  38  40 138 207 231 231 227
 225 227 116  37  36  35  35  35  36  37  40 179 229 229 229 225
 223 213  51  36  36  35  35  35  36  38  48 211 227 227 226 222
 226 161  39  38  43  38  36  37  38  41 131 225 226 226 225 221
 226 169  40  73 213 135  41  39  44 144 221 223 225 224 223 219
 221 218 132 193 226 225 162  96 170 223 223 223 222 221 222 218
 214 220 220 219 219 219 219 220 220 219 219 218 217 216 216 211
 212 214 214 213 213 213 214 213 213 212 213 214 214 213 212 207
 209 212 212 212 212 212 213 212 213 197 145 214 216 216 215 211
 212 214 214 213 213 214 214 214 167  80 181 215 214 213 213 208
 213 215 215 216 216 215 216 203  58 161 215 214 213 211 210 206
 214 216 217 216 216 216 216 196  38 128 166 158 158 190 213 207
 211 214 215 215 215 215 215 209  58  33  32  31  32  44 193 206
 208 209 205 206 210 211 211 208 181 116  88  50  30  30 152 202
 205 205 160  85 163 195 148  91  64 104 189 129  30  31 161 199
 208 210 162  33  35  45  30  31  31  32  78  63  37 108 207 209
 208 211 140  32  30  30  30  31  31  31  32 119 186 211 212 209
 205 206 101  32  30  29  29  29  29  31  33 160 209 209 208 205
 203 192  42  31  31  28  29  29  29  31  38 190 206 205 205 203
 206 143  33  32  36  32  30  31  32  32 114 203 204 205 205 202
 207 150  34  60 192 116  33  31  36 124 200 203 203 203 203 201
 202 197 115 173 205 203 140  80 151 201 202 202 203 203 203 200
 197 200 199 199 200 200 199 200 200 199 199 200 199 199 199 196

