 187 207 209 209 203 206 202 172 114 170 191 197 197 190 191 186
 196 212 212 210 208 206 187  43  24 113 200 202 201 200 199 195
 198 211 211 209 207 205 143  25  21 103 198 199 200 199 198 196
 193 211 210 208 204 200 133  24  21 116 133 124 200 202 202 199
 189 210 207 205 184 133 150  30  19 121  82 104 202 204 206 202
 196 207 207 205 176  45 159  43  19 112  74 109 206 208 208 204
 201 209 208 208 188  46 160  62  23  42  38 105 210 210 210 205
 206 212 213 211 194  52 158  73  25  25  48 155 211 212 212 206
 211 214 214 214 203  56 145  73  26  89 193 211 213 213 213 206
 211 213 215 215 210  77  78  54  31 126 214 214 214 214 213 206
 210 214 214 214 212 140  45  27  27 108 214 215 214 214 213 206
 211 214 214 214 214 208 143  55  29 102 215 213 215 215 213 206
 210 213 214 214 214 212 209  77  28 115 213 214 214 212 211 206
 209 211 213 213 212 210 204  68  28 134 211 214 212 211 209 206
 207 210 211 211 209 209 185  37  25 143 211 212 210 209 208 203
 192 200 193 198 197 192 139  28  23 110 196 201 192 195 192 184
 160 179 177 178 174 174 173 145  94 141 163 166 167 159 162 162
 164 179 179 178 176 174 157  27  14  83 170 169 168 167 166 164
 169 179 179 177 174 171 121  13  14  75 167 167 168 167 166 165
 160 179 176 175 172 169 114  14  12  87 114 103 168 168 167 167
 153 178 175 172 155 103 127  14  14  92  65  69 169 171 173 170
 159 176 174 172 149  18 133  28  13  84  56  79 173 175 175 173
 166 176 175 175 162  20 135  48  14  25  19  71 177 177 177 174
 173 180 180 179 169  25 131  55  16  16  28 114 179 179 180 175
 175 181 182 182 175  31 120  59  17  65 158 179 179 179 179 177
 178 181 182 182 179  50  59  43  16  98 179 180 180 180 180 177
 177 181 182 182 181 112  19  17  15  79 180 181 180 180 179 174
 179 182 182 182 180 178 112  25  16  68 182 180 180 180 179 174
 180 180 182 181 180 180 175  60  17  77 181 181 180 178 178 174
 179 179 180 178 178 178 174  47  17  99 180 179 178 178 176 171
 177 176 179 178 177 177 158  21  15 114 179 178 176 176 174 171
 165 171 165 169 167 167 117  14  14  76 168 170 162 166 162 162
 165 187 188 191 187 187 181 153 102 149 175 176 176 168 174 171
 171 194 193 192 191 188 173  47  20  80 182 183 183 181 178 175
 174 193 192 191 188 185 137  25  18  77 178 180 181 180 178 176
 170 193 191 189 187 184 128  27  19  84 128 111 178 182 181 180
 165 191 189 187 173 121 137  30  20  88  86  81 179 185 185 184
 171 191 188 187 164  33 135  45  19  82  73  92 183 188 187 186
 177 190 189 189 173  36 133  71  18  29  29  82 187 190 190 188
 184 193 194 192 182  47 133  82  21  25  35 118 190 190 190 187
 185 195 195 194 188  56 126  84  21  71 168 186 191 191 191 188
 187 195 195 196 192  70  61  62  23  96 192 193 193 192 191 189
 187 194 196 195 193 130  30  24  23  81 191 193 194 192 191 188
 190 196 196 195 194 191 120  37  23  76 191 192 192 192 191 186
 190 193 194 194 194 193 190  80  24  90 191 193 192 190 190 185
 188 192 194 192 193 192 187  65  23 107 189 190 191 189 188 184
 188 191 191 192 191 190 174  42  22 110 188 188 187 188 186 183
 174 184 179 184 182 179 139  21  18  83 176 181 173 180 177 170

 186 195 196 199 202 204 205 206 206 206 206 206 206 206 203 184
 191 199 198 202 206 208 210 212 213 213 213 213 211 209 208 192
 190 200 199 202 204 208 210 212 213 214 214 215 212 211 209 195
 197 201 200 200 202 206 210 211 213 214 214 215 214 212 210 192
 197 202 199 124 104 109 105 155 211 214 215 213 214 214 212 201
 191 200 198 133  82  74  38  48 193 214 214 215 213 211 211 196
 170 113 103 116 121 112  42  25  89 126 108 102 115 134 143 110
 114  24  21  21  19  19  23  25  26  31  27  29  28  28  25  23
 172  43  25  24  30  43  62  73  73  54  27  55  77  68  37  28
 202 187 143 133 150 159 160 158 145  78  45 143 209 204 185 139
 206 206 205 200 133  45  46  52  56  77 140 208 212 210 209 192
 203 208 207 204 184 176 188 194 203 210 212 214 214 212 209 197
 209 210 209 208 205 205 208 211 214 215 214 214 214 213 211 198
 209 212 211 210 207 207 208 213 214 215 214 214 214 213 211 193
 207 212 211 211 210 207 209 212 214 213 214 214 213 211 210 200
 187 196 198 193 189 196 201 206 211 211 210 211 210 209 207 192
 162 164 165 167 170 173 174 175 177 177 174 174 174 171 171 162
 162 166 166 167 173 175 177 180 179 180 179 179 178 176 174 162
 159 167 167 168 171 175 177 179 179 180 180 180 178 178 176 166
 167 168 168 168 169 173 177 179 179 180 180 180 180 178 176 162
 166 169 167 103  69  79  71 114 179 180 181 180 181 179 178 170
 163 170 167 114  65  56  19  28 158 179 180 182 181 180 179 168
 141  83  75  87  92  84  25  16  65  98  79  68  77  99 114  76
  94  14  14  12  14  13  14  16  17  16  15  16  17  17  15  14
 145  27  13  14  14  28  48  55  59  43  17  25  60  47  21  14
 173 157 121 114 127 133 135 131 120  59  19 112 175 174 158 117
 174 174 171 169 103  18  20  25  31  50 112 178 180 178 177 167
 174 176 174 172 155 149 162 169 175 179 181 180 180 178 177 167
 178 178 177 175 172 172 175 179 182 182 182 182 181 178 178 169
 177 179 179 176 175 174 175 180 182 182 182 182 182 180 179 165
 179 179 179 179 178 176 176 180 181 181 181 182 180 179 176 171
 160 164 169 160 153 159 166 173 175 178 177 179 180 179 177 165
 171 175 176 180 184 186 188 187 188 189 188 186 185 184 183 170
 174 178 178 181 185 187 190 190 191 191 191 191 190 188 186 177
 168 181 180 182 185 188 190 190 191 192 192 192 190 189 188 180
 176 183 181 178 179 183 187 190 191 193 194 192 192 191 187 173
 176 183 180 111  81  92  82 118 186 193 193 192 193 190 188 181
 175 182 178 128  86  73  29  35 168 192 191 191 191 189 188 176
 149  80  77  84  88  82  29  25  71  96  81  76  90 107 110  83
 102  20  18  19  20  19  18  21  21  23  23  23  24  23  22  18
 153  47  25  27  30  45  71  82  84  62  24  37  80  65  42  21
 181 173 137 128 137 135 133 133 126  61  30 120 190 187 174 139
 187 188 185 184 121  33  36  47  56  70 130 191 193 192 190 179
 187 191 188 187 173 164 173 182 188 192 193 194 194 193 191 182
 191 192 191 189 187 187 189 192 194 196 195 195 194 192 192 184
 188 193 192 191 189 188 189 194 195 195 196 196 194 194 191 179
 187 194 193 193 191 191 190 193 195 195 194 196 193 192 191 184
 165 171 174 170 165 171 177 184 185 187 187 190 190 188 188 174

 184 192 195 192 201 196 110  23  28 139 192 197 198 193 200 192
 203 208 209 210 212 211 143  25  37 185 209 209 211 211 210 207
 206 209 211 212 214 211 134  28  68 204 210 212 213 213 211 209
 206 211 212 214 214 213 115  28  77 209 212 214 214 214 213 210
 206 213 215 215 213 215 102  29  55 143 208 214 214 214 214 211
 206 213 214 214 215 214 108  27  27  45 140 212 214 214 214 210
 206 213 214 214 214 214 126  31  54  78  77 210 215 215 213 211
 206 213 213 213 211 193  89  26  73 145  56 203 214 214 214 211
 206 212 212 211 155  48  25  25  73 158  52 194 211 213 212 206
 205 210 210 210 105  38  42  23  62 160  46 188 208 208 209 201
 204 208 208 206 109  74 112  19  43 159  45 176 205 207 207 196
 202 206 204 202 104  82 121  19  30 150 133 184 205 207 210 189
 199 202 202 200 124 133 116  21  24 133 200 204 208 210 211 193
 196 198 199 200 199 198 103  21  25 143 205 207 209 211 211 198
 195 199 200 201 202 200 113  24  43 187 206 208 210 212 212 196
 186 191 190 197 197 191 170 114 172 202 206 203 209 209 207 187
 162 162 166 162 170 168  76  14  14 117 167 167 169 165 171 165
 171 174 176 176 178 179 114  15  21 158 177 177 178 179 176 177
 171 176 178 178 179 180  99  17  47 174 178 178 178 180 179 179
 174 178 178 180 181 181  77  17  60 175 180 180 181 182 180 180
 174 179 180 180 180 182  68  16  25 112 178 180 182 182 182 179
 174 179 180 180 181 180  79  15  17  19 112 181 182 182 181 177
 177 180 180 180 180 179  98  16  43  59  50 179 182 182 181 178
 177 179 179 179 179 158  65  17  59 120  31 175 182 182 181 175
 175 180 179 179 114  28  16  16  55 131  25 169 179 180 180 173
 174 177 177 177  71  19  25  14  48 135  20 162 175 175 176 166
 173 175 175 173  79  56  84  13  28 133  18 149 172 174 176 159
 170 173 171 169  69  65  92  14  14 127 103 155 172 175 178 153
 167 167 168 168 103 114  87  12  14 114 169 172 175 176 179 160
 165 166 167 168 167 167  75  14  13 121 171 174 177 179 179 169
 164 166 167 168 169 170  83  14  27 157 174 176 178 179 179 164
 162 162 159 167 166 163 141  94 145 173 174 174 178 177 179 160
 170 177 180 173 181 176  83  18  21 139 179 182 184 179 184 174
 183 186 188 187 188 188 110  22  42 174 190 191 192 191 191 188
 184 188 189 191 190 189 107  23  65 187 192 193 192 194 192 188
 185 190 190 192 193 191  90  24  80 190 193 194 194 194 193 190
 186 191 192 192 192 191  76  23  37 120 191 194 195 196 196 190
 188 191 192 194 193 191  81  23  24  30 130 193 195 196 194 187
 189 191 192 193 193 192  96  23  62  61  70 192 196 195 195 187
 188 191 191 191 186 168  71  21  84 126  56 188 194 195 195 185
 187 190 190 190 118  35  25  21  82 133  47 182 192 194 193 184
 188 190 190 187  82  29  29  18  71 133  36 173 189 189 190 177
 186 187 188 183  92  73  82  19  45 135  33 164 187 188 191 171
 184 185 185 179  81  86  88  20  30 137 121 173 187 189 191 165
 180 181 182 178 111 128  84  19  27 128 184 187 189 191 193 170
 176 178 180 181 180 178  77  18  25 137 185 188 191 192 193 174
 175 178 181 183 183 182  80  20  47 173 188 191 192 193 194 171
 171 174 168 176 176 175 149 102 153 181 187 187 191 188 187 165

 192 207 209 210 211 210 211 211 206 201 196 189 193 198 196 187
 200 210 211 213 214 214 213 214 212 209 207 210 211 211 212 207
 193 211 213 214 214 214 215 214 213 208 207 207 210 211 212 209
 198 211 213 214 214 214 215 214 211 208 205 205 208 209 210 209
 197 209 212 214 214 212 210 203 194 188 176 184 204 207 208 203
 192 209 210 212 208 140  77  56  52  46  45 133 200 205 206 206
 139 185 204 209 143  45  78 145 158 160 159 150 133 143 187 202
  28  37  68  77  55  27  54  73  73  62  43  30  24  25  43 172
  23  25  28  28  29  27  31  26  25  23  19  19  21  21  24 114
 110 143 134 115 102 108 126  89  25  42 112 121 116 103 113 170
 196 211 211 213 215 214 214 193  48  38  74  82 133 198 200 191
 201 212 214 214 213 215 214 211 155 105 109 104 124 199 202 197
 192 210 212 214 215 214 214 213 211 210 206 202 200 200 201 197
 195 209 211 212 215 214 214 213 212 210 208 204 202 199 200 190
 192 208 209 211 213 213 213 213 212 210 208 206 202 198 199 191
 184 203 206 206 206 206 206 206 206 205 204 202 199 196 195 186
 165 177 179 180 179 177 178 175 173 166 159 153 160 169 164 160
 171 176 179 180 182 181 181 181 180 176 176 178 179 179 179 179
 165 179 180 182 182 182 182 182 180 175 174 175 176 179 179 177
 169 178 178 181 182 182 182 182 179 175 172 172 175 177 178 178
 167 177 178 180 180 181 179 175 169 162 149 155 172 174 176 174
 167 177 178 180 178 112  50  31  25  20  18 103 169 171 174 174
 117 158 174 175 112  19  59 120 131 135 133 127 114 121 157 173
  14  21  47  60  25  17  43  59  55  48  28  14  14  13  27 145
  14  15  17  17  16  15  16  17  16  14  13  14  12  14  14  94
  76 114  99  77  68  79  98  65  16  25  84  92  87  75  83 141
 168 179 180 181 182 180 179 158  28  19  56  65 114 167 170 163
 170 178 179 181 180 181 180 179 114  71  79  69 103 167 169 166
 162 176 178 180 180 180 180 179 179 177 173 169 168 168 168 167
 166 176 178 178 180 180 180 179 179 177 175 171 168 167 167 159
 162 174 176 178 179 179 180 179 180 177 175 173 167 166 166 162
 162 171 171 174 174 174 177 177 175 174 173 170 167 165 164 162
 174 188 188 190 190 187 187 185 184 177 171 165 170 174 171 165
 184 191 192 193 196 194 195 195 193 190 191 191 193 193 194 187
 179 191 194 194 196 196 195 195 194 189 188 189 191 192 193 188
 184 192 192 194 195 195 196 194 192 189 187 187 189 191 192 191
 182 191 193 194 194 193 192 188 182 173 164 173 187 188 191 187
 179 190 192 193 191 130  70  56  47  36  33 121 184 185 188 187
 139 174 187 190 120  30  61 126 133 133 135 137 128 137 173 181
  21  42  65  80  37  24  62  84  82  71  45  30  27  25  47 153
  18  22  23  24  23  23  23  21  21  18  19  20  19  18  20 102
  83 110 107  90  76  81  96  71  25  29  82  88  84  77  80 149
 176 188 189 191 191 191 192 168  35  29  73  86 128 178 182 175
 181 188 190 193 192 193 193 186 118  82  92  81 111 180 183 176
 173 187 191 192 192 194 193 191 190 187 183 179 178 181 183 176
 180 188 189 190 192 192 192 191 190 190 188 185 182 180 181 168
 177 186 188 190 191 191 191 191 190 190 187 185 181 178 178 174
 170 183 184 185 186 188 189 188 187 188 186 184 180 176 175 171

