 193 205 205 205 203 205 204 204 204 203 202 201 200 199 196 192
 196 206 206 205 205 204 204 205 204 202 203 201 202 199 197 192
 195 204 204 204 204 202 201 202 202 201 202 200 201 200 197 193
 196 203 203 204 204 201 201 202 203 202 202 200 201 199 196 193
 201 205 206 205 204 201 164 200 204 201 202 201 199 198 196 192
 204 207 206 205 203 188  85 201 204 201 201 199 198 196 194 190
 204 207 205 198 176 111  47 160 196 198 199 198 189 144 175 192
 205 203 137  70  30  24  23  38  77  93 139 147 109 174 193 189
 205 162  57  45  34  27  29  39  60  85 120  98 152 195 193 187
 205 208 189 181 121  74 137 171 187 196 197 189 157 195 194 190
 207 209 208 208 206 135 195 205 204 203 202 200 196 197 196 190
 207 210 210 209 209 205 205 209 208 207 206 204 204 204 202 197
 207 210 211 210 210 209 209 209 209 209 208 209 207 208 207 202
 203 210 210 210 210 210 209 209 208 209 209 210 209 208 207 202
 205 208 208 209 209 208 208 208 207 208 208 207 207 207 206 201
 184 193 174 176 179 180 180 184 185 187 188 189 192 189 188 184
 169 175 176 175 174 175 174 174 175 172 171 170 170 169 167 162
 168 174 174 174 173 173 173 173 172 171 172 170 169 168 167 164
 167 171 171 171 170 171 172 171 171 170 170 169 169 167 166 163
 167 170 171 172 171 169 170 170 170 170 170 170 168 167 165 162
 172 173 173 173 171 170 134 167 171 169 169 168 167 165 164 161
 174 174 173 173 172 159  58 169 171 169 169 168 166 164 162 160
 176 176 173 169 148  93  30 135 165 166 167 166 158 116 141 161
 176 173 112  52  19  15  14  20  58  78 115 124  80 140 163 160
 176 132  30  21  15  14  15  19  40  56  91  74 117 163 162 158
 176 177 156 147  91  48 107 139 153 164 165 158 125 162 162 160
 175 178 177 176 175 101 164 172 171 170 169 168 164 165 163 162
 174 177 178 178 177 176 172 175 175 175 173 172 171 171 170 168
 175 178 178 178 177 177 178 177 176 176 176 176 176 175 174 172
 172 177 178 178 177 177 177 177 176 176 176 177 176 175 175 172
 173 175 176 175 176 175 175 175 174 175 174 174 173 174 173 170
 163 165 150 151 154 155 156 157 158 161 162 162 161 163 163 158
 175 188 189 188 188 190 189 187 190 188 187 186 185 182 181 179
 177 192 192 192 191 189 189 190 190 189 188 187 186 185 184 182
 178 190 190 190 189 188 189 189 188 188 187 186 187 185 182 180
 179 189 189 189 188 187 188 189 188 187 188 187 185 183 182 179
 186 190 190 190 190 188 155 185 188 187 187 186 185 184 181 178
 187 192 191 190 189 178  84 185 188 186 186 185 183 181 179 176
 189 194 191 186 170 113  44 152 182 184 184 182 176 133 155 177
 188 191 134  74  37  22  19  29  75  95 135 142 104 152 179 176
 189 155  50  32  25  22  25  30  46  67 105  89 129 179 178 175
 189 194 171 153 108  64 121 149 167 180 182 175 136 179 178 177
 190 195 193 194 192 118 181 189 187 187 186 184 179 182 180 175
 190 195 194 194 195 192 188 192 191 192 189 188 188 187 186 181
 191 196 195 196 195 194 195 193 193 193 193 192 191 191 190 187
 188 194 195 195 195 195 194 192 192 192 193 193 191 190 191 187
 189 192 192 193 193 192 191 190 191 190 190 190 190 188 188 185
 179 181 167 168 172 173 173 175 175 178 178 177 179 178 177 173

 192 192 193 193 192 190 192 189 187 190 190 197 202 202 201 184
 196 197 197 196 196 194 175 193 193 194 196 202 207 207 206 188
 199 199 200 199 198 196 144 174 195 195 197 204 208 208 207 189
 200 202 201 201 199 198 189 109 152 157 196 204 207 209 207 192
 201 201 200 200 201 199 198 147  98 189 200 204 209 210 207 189
 202 203 202 202 202 201 199 139 120 197 202 206 208 209 208 188
 203 202 201 202 201 201 198  93  85 196 203 207 209 209 208 187
 204 204 202 203 204 204 196  77  60 187 204 208 209 208 207 185
 204 205 202 202 200 201 160  38  39 171 205 209 209 209 208 184
 204 204 201 201 164  85  47  23  29 137 195 205 209 209 208 180
 205 204 202 201 201 188 111  24  27  74 135 205 209 210 208 180
 203 205 204 204 204 203 176  30  34 121 206 209 210 210 209 179
 205 205 204 204 205 205 198  70  45 181 208 209 210 210 209 176
 205 206 204 203 206 206 205 137  57 189 208 210 211 210 208 174
 205 206 204 203 205 207 207 203 162 208 209 210 210 210 208 193
 193 196 195 196 201 204 204 205 205 205 207 207 207 203 205 184
 162 164 163 162 161 160 161 160 158 160 162 168 172 172 170 158
 167 167 166 165 164 162 141 163 162 162 163 170 174 175 173 163
 169 168 167 167 165 164 116 140 163 162 165 171 175 175 174 163
 170 169 169 168 167 166 158  80 117 125 164 171 176 176 173 161
 170 170 169 170 168 168 166 124  74 158 168 172 176 177 174 162
 171 172 170 170 169 169 167 115  91 165 169 173 176 176 174 162
 172 171 170 170 169 169 166  78  56 164 170 175 176 176 175 161
 175 172 171 170 171 171 165  58  40 153 171 175 176 176 174 158
 174 173 171 170 167 169 135  20  19 139 172 175 177 177 175 157
 174 173 172 170 134  58  30  14  15 107 164 172 178 177 175 156
 175 173 171 169 170 159  93  15  14  48 101 176 177 177 175 155
 174 173 170 171 171 172 148  19  15  91 175 177 177 177 176 154
 175 174 171 172 173 173 169  52  21 147 176 178 178 178 175 151
 176 174 171 171 173 173 173 112  30 156 177 178 178 178 176 150
 175 174 171 170 173 174 176 173 132 177 178 177 178 177 175 165
 169 168 167 167 172 174 176 176 176 176 175 174 175 172 173 163
 179 182 180 179 178 176 177 176 175 177 175 181 187 187 185 173
 181 184 182 182 181 179 155 179 178 178 180 186 190 191 188 177
 182 185 185 183 184 181 133 152 179 179 182 187 191 190 188 178
 185 186 187 185 185 183 176 104 129 136 179 188 191 191 190 179
 186 187 186 187 186 185 182 142  89 175 184 188 192 193 190 177
 187 188 187 188 187 186 184 135 105 182 186 189 193 193 190 178
 188 189 188 187 187 186 184  95  67 180 187 192 193 192 190 178
 190 190 188 188 188 188 182  75  46 167 187 191 193 192 191 175
 187 190 189 189 185 185 152  29  30 149 189 192 193 192 190 175
 189 189 189 188 155  84  44  19  25 121 181 188 195 194 191 173
 190 189 188 187 188 178 113  22  22  64 118 192 194 195 192 173
 188 191 189 188 190 189 170  37  25 108 192 195 195 195 193 172
 188 192 190 189 190 190 186  74  32 153 194 194 196 195 193 168
 189 192 190 189 190 191 191 134  50 171 193 194 195 195 192 167
 188 192 190 189 190 192 194 191 155 194 195 195 196 194 192 181
 175 177 178 179 186 187 189 188 189 189 190 190 191 188 189 179

 184 188 189 192 189 188 187 185 184 180 180 179 176 174 193 184
 201 206 207 207 207 208 208 207 208 208 208 209 209 208 208 205
 202 207 208 209 210 209 209 208 209 209 210 210 210 210 210 203
 202 207 208 207 209 208 209 209 209 209 209 210 210 211 210 207
 197 202 204 204 204 206 207 208 209 205 205 209 209 210 210 207
 190 196 197 196 200 202 203 204 205 195 135 206 208 208 209 207
 190 194 195 157 189 197 196 187 171 137  74 121 181 189 208 205
 187 193 195 152  98 120  85  60  39  29  27  34  45  57 162 205
 189 193 174 109 147 139  93  77  38  23  24  30  70 137 203 205
 192 175 144 189 198 199 198 196 160  47 111 176 198 205 207 204
 190 194 196 198 199 201 201 204 201  85 188 203 205 206 207 204
 192 196 198 199 201 202 201 204 200 164 201 204 205 206 205 201
 193 196 199 201 200 202 202 203 202 201 201 204 204 203 203 196
 193 197 200 201 200 202 201 202 202 201 202 204 204 204 204 195
 192 197 199 202 201 203 202 204 205 204 204 205 205 206 206 196
 192 196 199 200 201 202 203 204 204 204 205 203 205 205 205 193
 158 163 163 161 162 162 161 158 157 156 155 154 151 150 165 163
 170 173 174 173 174 174 175 174 175 175 175 176 175 176 175 173
 172 175 175 176 177 176 176 176 177 177 177 177 178 178 177 172
 172 174 175 176 176 176 176 176 177 178 177 177 178 178 178 175
 168 170 171 171 172 173 175 175 175 172 176 177 178 178 177 174
 162 163 165 164 168 169 170 171 172 164 101 175 176 177 178 175
 160 162 162 125 158 165 164 153 139 107  48  91 147 156 177 176
 158 162 163 117  74  91  56  40  19  15  14  15  21  30 132 176
 160 163 140  80 124 115  78  58  20  14  15  19  52 112 173 176
 161 141 116 158 166 167 166 165 135  30  93 148 169 173 176 176
 160 162 164 166 168 169 169 171 169  58 159 172 173 173 174 174
 161 164 165 167 168 169 169 171 167 134 170 171 173 173 173 172
 162 165 167 168 170 170 170 170 170 170 169 171 172 171 170 167
 163 166 167 169 169 170 170 171 171 172 171 170 171 171 171 167
 164 167 168 169 170 172 171 172 173 173 173 173 174 174 174 168
 162 167 169 170 170 171 172 175 174 174 175 174 175 176 175 169
 173 177 178 179 177 178 178 175 175 173 173 172 168 167 181 179
 185 188 188 190 190 190 190 191 190 191 192 193 193 192 192 189
 187 191 190 191 193 193 192 192 192 194 195 195 195 195 194 188
 187 190 191 191 192 193 193 193 193 195 194 195 196 195 196 191
 181 186 187 188 188 189 192 191 192 188 192 195 194 194 195 190
 175 180 182 179 184 186 187 187 189 181 118 192 194 193 195 190
 177 178 179 136 175 182 180 167 149 121  64 108 153 171 194 189
 175 178 179 129  89 105  67  46  30  25  22  25  32  50 155 189
 176 179 152 104 142 135  95  75  29  19  22  37  74 134 191 188
 177 155 133 176 182 184 184 182 152  44 113 170 186 191 194 189
 176 179 181 183 185 186 186 188 185  84 178 189 190 191 192 187
 178 181 184 185 186 187 187 188 185 155 188 190 190 190 190 186
 179 182 183 185 187 188 187 188 189 188 187 188 189 189 189 179
 180 182 185 187 186 187 188 188 189 189 188 189 190 190 190 178
 182 184 185 186 187 188 189 190 190 189 189 191 192 192 192 177
 179 181 182 185 186 187 188 190 187 189 190 188 188 189 188 175

 184 205 203 207 207 207 205 205 205 204 204 201 196 195 196 193
 193 208 210 210 210 209 208 162 203 207 207 205 203 204 206 205
 174 208 210 211 210 208 189  57 137 205 206 206 203 204 206 205
 176 209 210 210 209 208 181  45  70 198 205 205 204 204 205 205
 179 209 210 210 209 206 121  34  30 176 203 204 204 204 205 203
 180 208 210 209 205 135  74  27  24 111 188 201 201 202 204 205
 180 208 209 209 205 195 137  29  23  47  85 164 201 201 204 204
 184 208 209 209 209 205 171  39  38 160 201 200 202 202 205 204
 185 207 208 209 208 204 187  60  77 196 204 204 203 202 204 204
 187 208 209 209 207 203 196  85  93 198 201 201 202 201 202 203
 188 208 209 208 206 202 197 120 139 199 201 202 202 202 203 202
 189 207 210 209 204 200 189  98 147 198 199 201 200 200 201 201
 192 207 209 207 204 196 157 152 109 189 198 199 201 201 202 200
 189 207 208 208 204 197 195 195 174 144 196 198 199 200 199 199
 188 206 207 207 202 196 194 193 193 175 194 196 196 197 197 196
 184 201 202 202 197 190 190 187 189 192 190 192 193 193 192 192
 163 173 172 175 174 175 176 176 176 176 174 172 167 167 168 169
 165 175 177 178 177 178 177 132 173 176 174 173 170 171 174 175
 150 176 178 178 178 177 156  30 112 173 173 173 171 171 174 176
 151 175 178 178 178 176 147  21  52 169 173 173 172 171 174 175
 154 176 177 177 177 175  91  15  19 148 172 171 171 170 173 174
 155 175 177 177 176 101  48  14  15  93 159 170 169 171 173 175
 156 175 177 178 172 164 107  15  14  30  58 134 170 172 173 174
 157 175 177 177 175 172 139  19  20 135 169 167 170 171 173 174
 158 174 176 176 175 171 153  40  58 165 171 171 170 171 172 175
 161 175 176 176 175 170 164  56  78 166 169 169 170 170 171 172
 162 174 176 176 173 169 165  91 115 167 169 169 170 170 172 171
 162 174 177 176 172 168 158  74 124 166 168 168 170 169 170 170
 161 173 176 176 171 164 125 117  80 158 166 167 168 169 169 170
 163 174 175 175 171 165 162 163 140 116 164 165 167 167 168 169
 163 173 175 174 170 163 162 162 163 141 162 164 165 166 167 167
 158 170 172 172 168 162 160 158 160 161 160 161 162 163 164 162
 179 189 188 191 190 190 189 189 188 189 187 186 179 178 177 175
 181 192 194 196 195 195 194 155 191 194 192 190 189 190 192 188
 167 192 195 195 194 193 171  50 134 191 191 190 189 190 192 189
 168 193 195 196 194 194 153  32  74 186 190 190 189 190 192 188
 172 193 195 195 195 192 108  25  37 170 189 190 188 189 191 188
 173 192 195 194 192 118  64  22  22 113 178 188 187 188 189 190
 173 191 194 195 188 181 121  25  19  44  84 155 188 189 189 189
 175 190 192 193 192 189 149  30  29 152 185 185 189 189 190 187
 175 191 192 193 191 187 167  46  75 182 188 188 188 188 190 190
 178 190 192 193 192 187 180  67  95 184 186 187 187 188 189 188
 178 190 193 193 189 186 182 105 135 184 186 187 188 187 188 187
 177 190 193 192 188 184 175  89 142 182 185 186 187 186 187 186
 179 190 191 191 188 179 136 129 104 176 183 185 185 187 186 185
 178 188 190 191 187 182 179 179 152 133 181 184 183 185 185 182
 177 188 191 190 186 180 178 178 179 155 179 181 182 182 184 181
 173 185 187 187 181 175 177 175 176 177 176 178 179 180 182 179

