 238 238 236 234 236 239 235 200 194 236 235 234 235 236 235 232
 239 241 239 238 240 242 225  56  48 203 241 240 238 237 238 234
 238 238 238 237 239 241 223  53  47 201 240 238 237 237 237 232
 237 235 235 236 235 229 103  41  44  83 208 238 237 236 235 229
 235 236 235 234 232 113  40  40  41  42  81 229 235 236 235 229
 235 236 236 186 103  42  40  39  41  41  42  99 168 236 235 229
 234 236 233 170  39  40  39  39  40  39  39  42 152 234 235 228
 237 236 138 142  40  37  39  40  38  37  38  40 132 128 233 229
 236 235  92  39  38  37  38  39  39  39  39  40  44  79 235 230
 239 238 101  37  37  37  37  37  38  38  37  41  41  90 236 232
 239 241 176  44  37  36  35  38  39  39  39  38  43 150 239 233
 244 243 242 157  38  37  38  39  40  40  39  39 146 241 239 234
 248 246 244 215  43  38  38  38  40  41  41  42 197 243 241 237
 250 249 246 243 116  38  38  39  39  41  43  94 240 243 241 239
 250 249 248 247 237  96  43  39  41  43  88 222 244 244 243 236
 247 248 247 246 245 243 192 147 144 186 241 245 244 242 241 235
 237 236 235 233 235 236 232 199 191 236 235 234 233 233 232 230
 237 238 236 236 239 240 222  55  48 203 239 238 236 236 235 230
 235 237 235 235 238 239 220  56  47 199 239 238 237 236 235 229
 235 235 234 234 236 228 105  43  45  84 207 236 236 234 233 228
 235 236 234 233 232 116  43  43  44  46  82 229 235 234 233 227
 235 236 235 185 104  45  42  43  44  44  46 100 169 235 233 227
 234 235 233 170  42  42  42  42  42  43  42  43 152 233 233 227
 235 236 137 142  42  41  41  41  42  42  42  42 134 127 231 228
 236 235  92  42  41  41  40  40  40  41  41  41  46  79 233 229
 238 237 100  40  41  40  40  41  40  40  41  41  42  88 234 231
 238 239 173  44  40  40  39  41  41  41  40  41  43 147 236 231
 241 241 238 153  41  40  40  40  41  41  41  40 145 238 237 232
 243 243 242 210  44  39  39  40  39  42  41  43 193 240 239 233
 245 245 243 241 110  40  39  40  40  42  42  91 236 240 238 233
 245 245 244 243 232  94  41  40  40  42  85 217 241 240 238 231
 244 244 243 243 242 236 183 139 135 178 235 241 239 238 235 229
 222 222 220 219 220 220 217 184 176 219 219 218 218 217 216 214
 223 223 221 221 222 223 206  46  40 185 221 220 219 218 218 213
 223 222 221 220 221 222 204  46  39 181 220 219 219 218 217 214
 223 222 222 220 220 211  94  36  37  74 189 220 218 218 218 213
 223 222 222 219 217 101  37  36  37  37  71 210 217 218 216 212
 224 222 221 169  93  37  35  36  37  35  38  86 154 218 217 211
 221 222 219 157  35  34  34  34  35  35  36  36 138 215 217 212
 222 221 125 128  35  34  34  35  34  34  35  35 121 114 215 211
 223 222  84  35  35  34  35  35  35  34  34  34  38  68 215 212
 226 222  90  34  34  33  33  33  34  33  33  34  34  77 216 213
 226 225 158  38  34  32  32  33  34  33  33  34  35 131 217 214
 227 226 224 138  35  33  32  33  33  34  35  34 130 219 218 215
 230 227 225 193  35  32  33  33  35  34  35  35 175 222 218 216
 232 230 228 223  96  33  33  33  34  35  34  78 218 222 219 217
 232 231 229 227 214  82  35  34  35  36  71 199 223 222 219 215
 231 230 228 226 225 220 166 125 122 161 218 224 222 221 218 213

 232 234 232 229 229 229 228 229 230 232 233 234 237 239 236 235
 235 238 237 235 235 235 235 233 235 236 239 239 241 241 243 241
 236 237 237 236 236 236 234 128  79  90 150 241 243 243 244 242
 235 238 237 237 235 168 152 132  44  41  43 146 197 240 244 244
 234 240 238 238 229  99  42  40  40  41  38  39  42  94 222 245
 235 241 240 208  81  42  39  38  39  37  39  39  41  43  88 241
 236 203 201  83  42  41  39  37  39  38  39  40  41  41  43 186
 194  48  47  44  41  41  40  38  39  38  39  40  40  39  41 144
 200  56  53  41  40  39  39  40  39  37  38  39  38  39  39 147
 235 225 223 103  40  40  39  39  38  37  35  38  38  38  43 192
 239 242 241 229 113  42  40  37  37  37  36  37  38  38  96 243
 236 240 239 235 232 103  39  40  38  37  37  38  43 116 237 245
 234 238 237 236 234 186 170 142  39  37  44 157 215 243 247 246
 236 239 238 235 235 236 233 138  92 101 176 242 244 246 248 247
 238 241 238 235 236 236 236 236 235 238 241 243 246 249 249 248
 238 239 238 237 235 235 234 237 236 239 239 244 248 250 250 247
 230 230 229 228 227 227 227 228 229 231 231 232 233 233 231 229
 232 235 235 233 233 233 233 231 233 234 236 237 239 238 238 235
 233 236 236 234 234 235 233 127  79  88 147 238 240 240 240 238
 233 236 237 236 235 169 152 134  46  42  43 145 193 236 241 239
 234 238 238 236 229 100  43  42  41  41  41  40  43  91 217 241
 235 239 239 207  82  46  42  42  41  41  40  41  41  42  85 235
 236 203 199  84  46  44  43  42  41  40  41  41  42  42  42 178
 191  48  47  45  44  44  42  42  40  40  41  41  39  40  40 135
 199  55  56  43  43  43  42  41  40  41  41  40  40  40  40 139
 232 222 220 105  43  42  42  41  40  40  39  40  39  39  41 183
 236 240 239 228 116  45  42  41  41  40  40  40  39  40  94 236
 235 239 238 236 232 104  42  42  41  41  40  41  44 110 232 242
 233 236 235 234 233 185 170 142  42  40  44 153 210 241 243 243
 235 236 235 234 234 235 233 137  92 100 173 238 242 243 244 243
 236 238 237 235 236 236 235 236 235 237 239 241 243 245 245 244
 237 237 235 235 235 235 234 235 236 238 238 241 243 245 245 244
 214 213 214 213 212 211 212 211 212 213 214 215 216 217 215 213
 216 218 217 218 216 217 217 215 215 216 217 218 218 219 219 218
 217 218 218 218 218 218 215 114  68  77 131 219 222 222 222 221
 218 219 219 218 217 154 138 121  38  34  35 130 175 218 223 222
 218 220 219 220 210  86  36  35  34  34  34  34  35  78 199 224
 219 221 220 189  71  38  36  35  34  33  33  35  35  34  71 218
 219 185 181  74  37  35  35  34  34  33  33  34  34  35  36 161
 176  40  39  37  37  37  35  34  35  34  34  33  35  34  35 122
 184  46  46  36  36  36  34  35  35  33  33  33  33  33  34 125
 217 206 204  94  37  35  34  34  35  33  32  32  33  33  35 166
 220 223 222 211 101  37  34  34  34  33  32  33  32  33  82 220
 220 222 221 220 217  93  35  35  35  34  34  35  35  96 214 225
 219 221 220 220 219 169 157 128  35  34  38 138 193 223 227 226
 220 221 221 222 222 221 219 125  84  90 158 224 225 228 229 228
 222 223 222 222 222 222 222 221 222 222 225 226 227 230 231 230
 222 223 223 223 223 224 221 222 223 226 226 227 230 232 232 231

 235 241 242 244 245 241 186 144 147 192 243 245 246 247 248 247
 236 243 244 244 222  88  43  41  39  43  96 237 247 248 249 250
 239 241 243 240  94  43  41  39  39  38  38 116 243 246 249 250
 237 241 243 197  42  41  41  40  38  38  38  43 215 244 246 248
 234 239 241 146  39  39  40  40  39  38  37  38 157 242 243 244
 233 239 150  43  38  39  39  39  38  35  36  37  44 176 241 239
 232 236  90  41  41  37  38  38  37  37  37  37  37 101 238 239
 230 235  79  44  40  39  39  39  39  38  37  38  39  92 235 236
 229 233 128 132  40  38  37  38  40  39  37  40 142 138 236 237
 228 235 234 152  42  39  39  40  39  39  40  39 170 233 236 234
 229 235 236 168  99  42  41  41  39  40  42 103 186 236 236 235
 229 235 236 235 229  81  42  41  40  40 113 232 234 235 236 235
 229 235 236 237 238 208  83  44  41 103 229 235 236 235 235 237
 232 237 237 237 238 240 201  47  53 223 241 239 237 238 238 238
 234 238 237 238 240 241 203  48  56 225 242 240 238 239 241 239
 232 235 236 235 234 235 236 194 200 235 239 236 234 236 238 238
 229 235 238 239 241 235 178 135 139 183 236 242 243 243 244 244
 231 238 240 241 217  85  42  40  40  41  94 232 243 244 245 245
 233 238 240 236  91  42  42  40  40  39  40 110 241 243 245 245
 233 239 240 193  43  41  42  39  40  39  39  44 210 242 243 243
 232 237 238 145  40  41  41  41  40  40  40  41 153 238 241 241
 231 236 147  43  41  40  41  41  41  39  40  40  44 173 239 238
 231 234  88  42  41  41  40  40  41  40  40  41  40 100 237 238
 229 233  79  46  41  41  41  40  40  40  41  41  42  92 235 236
 228 231 127 134  42  42  42  42  41  41  41  42 142 137 236 235
 227 233 233 152  43  42  43  42  42  42  42  42 170 233 235 234
 227 233 235 169 100  46  44  44  43  42  45 104 185 235 236 235
 227 233 234 235 229  82  46  44  43  43 116 232 233 234 236 235
 228 233 234 236 236 207  84  45  43 105 228 236 234 234 235 235
 229 235 236 237 238 239 199  47  56 220 239 238 235 235 237 235
 230 235 236 236 238 239 203  48  55 222 240 239 236 236 238 237
 230 232 233 233 234 235 236 191 199 232 236 235 233 235 236 237
 213 218 221 222 224 218 161 122 125 166 220 225 226 228 230 231
 215 219 222 223 199  71  36  35  34  35  82 214 227 229 231 232
 217 219 222 218  78  34  35  34  33  33  33  96 223 228 230 232
 216 218 222 175  35  35  34  35  33  33  32  35 193 225 227 230
 215 218 219 130  34  35  34  33  33  32  33  35 138 224 226 227
 214 217 131  35  34  33  33  34  33  32  32  34  38 158 225 226
 213 216  77  34  34  33  33  34  33  33  33  34  34  90 222 226
 212 215  68  38  34  34  34  35  35  35  34  35  35  84 222 223
 211 215 114 121  35  35  34  34  35  34  34  35 128 125 221 222
 212 217 215 138  36  36  35  35  34  34  34  35 157 219 222 221
 211 217 218 154  86  38  35  37  36  35  37  93 169 221 222 224
 212 216 218 217 210  71  37  37  36  37 101 217 219 222 222 223
 213 218 218 218 220 189  74  37  36  94 211 220 220 222 222 223
 214 217 218 219 219 220 181  39  46 204 222 221 220 221 222 223
 213 218 218 219 220 221 185  40  46 206 223 222 221 221 223 223
 214 216 217 218 218 219 219 176 184 217 220 220 219 220 222 222

 247 250 250 248 244 239 239 236 237 234 235 235 237 238 239 238
 248 249 249 246 243 241 238 235 236 236 236 236 235 238 241 238
 247 248 246 244 242 176 101  92 138 233 236 235 235 238 239 236
 246 247 243 215 157  44  37  39 142 170 186 234 236 237 238 234
 245 237 116  43  38  37  37  38  40  39 103 232 235 239 240 236
 243  96  38  38  37  36  37  37  37  40  42 113 229 241 242 239
 192  43  38  38  38  35  37  38  39  39  40  40 103 223 225 235
 147  39  39  38  39  38  37  39  40  39  39  40  41  53  56 200
 144  41  39  40  40  39  38  39  38  40  41  41  44  47  48 194
 186  43  41  41  40  39  38  39  37  39  41  42  83 201 203 236
 241  88  43  41  39  39  37  39  38  39  42  81 208 240 241 235
 245 222  94  42  39  38  41  40  40  42  99 229 238 238 240 234
 244 244 240 197 146  43  41  44 132 152 168 235 237 237 238 235
 242 244 243 243 241 150  90  79 128 234 236 236 236 237 237 236
 241 243 241 241 239 239 236 235 233 235 235 235 235 237 238 235
 235 236 239 237 234 233 232 230 229 228 229 229 229 232 234 232
 244 245 245 243 241 238 238 236 235 234 235 235 235 235 237 237
 244 245 245 243 241 239 237 235 236 235 236 236 235 237 238 236
 243 244 243 242 238 173 100  92 137 233 235 234 234 235 236 235
 243 243 241 210 153  44  40  42 142 170 185 233 234 235 236 233
 242 232 110  44  41  40  41  41  42  42 104 232 236 238 239 235
 236  94  40  39  40  40  40  41  41  42  45 116 228 239 240 236
 183  41  39  39  40  39  40  40  41  42  42  43 105 220 222 232
 139  40  40  40  40  41  41  40  41  42  43  43  43  56  55 199
 135  40  40  39  41  41  40  40  42  42  44  44  45  47  48 191
 178  42  42  42  41  41  40  41  42  43  44  46  84 199 203 236
 235  85  42  41  41  40  41  41  42  42  46  82 207 239 239 235
 241 217  91  43  40  41  41  41  42  43 100 229 236 238 238 234
 239 241 236 193 145  43  42  46 134 152 169 235 236 237 236 233
 238 240 240 240 238 147  88  79 127 233 235 234 234 236 236 233
 235 238 238 239 237 236 234 233 231 233 233 233 233 235 235 232
 229 231 233 233 232 231 231 229 228 227 227 227 228 229 230 230
 231 232 232 230 227 226 226 223 222 221 224 223 223 223 223 222
 230 231 230 227 226 225 222 222 221 222 222 222 222 222 223 222
 228 229 228 225 224 158  90  84 125 219 221 222 222 221 221 220
 226 227 223 193 138  38  34  35 128 157 169 219 220 220 221 219
 225 214  96  35  35  34  34  35  35  35  93 217 220 221 222 220
 220  82  33  32  33  32  33  34  34  34  37 101 211 222 223 220
 166  35  33  33  32  32  33  35  34  34  35  37  94 204 206 217
 125  34  33  33  33  33  33  35  35  34  36  36  36  46  46 184
 122  35  34  35  33  34  34  35  34  35  37  37  37  39  40 176
 161  36  35  34  34  33  33  34  34  35  35  37  74 181 185 219
 218  71  34  35  35  33  33  34  35  36  38  71 189 220 221 219
 224 199  78  35  34  34  34  34  35  36  86 210 220 219 220 218
 222 223 218 175 130  35  34  38 121 138 154 217 218 219 219 218
 221 222 222 222 219 131  77  68 114 215 218 218 218 218 218 217
 218 219 219 218 218 217 216 215 215 217 217 216 218 217 218 216
 213 215 217 216 215 214 213 212 211 212 211 212 213 214 213 214

