 204 211 210 207 206 206 206 208 208 208 207 206 204 203 202 197
 202 207 191 142 113 129 127 169 206 206 206 205 204 202 200 198
 201 158 108 120 136 160 177 203 205 204 204 203 201 200 198 195
 200 207 204 194 199 194 202 201 204 203 202 201 199 198 197 193
 199 207 206 200 206 202 205 203 203 200 199 198 197 196 195 193
 194 205 205 204 205 204 203 202 200 198 195 191 184 187 192 191
 192 194 195 200 200 202 201 199 198 195 162  66  36  65 152 189
 189 201 200 200 200 199 198 198 196 188  62  19  15  13  52 183
 188 199 200 199 199 198 197 197 195 167  34  16  11  10  19 150
 186 198 199 198 198 197 196 195 192 153  18  12   9  10  19 156
 177 196 198 197 196 195 195 193 192 154  69  24  11  26  61 152
 178 196 197 196 195 195 194 194 193 178 144 125  27 134 142 165
 175 194 194 194 194 194 193 193 192 190 124 143  62 132 107 180
 171 193 193 193 193 193 192 192 192 190 169  45  20  36 156 181
 163 192 192 191 191 191 190 190 191 189 189 147  76 130 184 180
 102 132 133 134 137 138 137 136 140 143 147 147 145 149 147 147
 175 182 181 180 180 180 179 180 179 179 178 178 177 175 174 170
 175 179 164 114  89 103  95 140 177 178 177 176 174 173 171 168
 172 133  79  89 106 129 150 176 176 176 174 174 172 171 169 166
 171 178 175 169 171 167 173 174 175 174 172 171 170 168 166 163
 168 177 178 169 176 174 176 175 173 172 171 170 167 167 165 162
 169 177 177 175 175 175 173 172 171 169 166 164 157 161 164 161
 165 166 168 171 171 173 171 170 169 167 138  54  22  47 126 160
 163 172 171 170 170 171 170 169 167 161  48   9  10  10  34 155
 161 172 172 171 170 169 168 167 166 141  17  10   9   8   9 113
 158 170 169 169 168 168 167 167 163 128  11  10   8   8  10 126
 150 168 168 167 166 165 165 164 163 126  49   9   9  16  43 127
 148 167 167 166 165 166 165 164 163 150 116 105  13 105 114 142
 145 166 165 164 165 165 163 163 163 159  93 108  43 112  77 151
 146 164 164 164 163 163 163 161 162 161 140  23   9  18 124 152
 139 162 163 162 161 161 161 161 161 159 159 118  38  97 153 150
  85 109 109 112 114 115 116 116 118 118 122 124 123 123 125 123
 189 198 199 197 195 196 196 196 196 196 196 194 192 191 189 186
 188 195 181 136 110 125 117 156 194 195 194 192 191 190 189 185
 185 149 100 112 127 147 167 192 193 192 191 190 188 188 185 184
 185 195 192 185 186 181 188 189 191 190 189 188 186 185 184 181
 186 195 195 186 193 190 192 190 190 188 187 187 185 184 182 179
 183 194 194 191 191 191 189 189 187 186 184 180 174 176 180 178
 181 184 184 188 187 190 188 187 185 183 152  76  41  53 138 175
 178 188 187 186 187 188 186 186 183 177  69  14  14  17  43 165
 176 189 189 188 187 186 185 184 183 159  31  11  11  14  11 132
 174 187 187 186 186 185 183 183 180 146  25  14  11  10  14 137
 167 185 185 184 183 184 183 182 181 147  70  22  11  24  56 137
 164 184 184 183 182 183 182 182 180 168 135 121  25 115 136 148
 161 183 183 182 182 182 180 181 179 176 111 133  62 132  96 165
 160 182 181 181 180 180 179 178 179 177 158  41  19  31 133 168
 151 179 179 179 178 178 177 177 176 176 176 135  57 108 167 166
 102 131 130 134 135 135 136 137 140 139 142 144 137 144 143 143

 197 198 195 193 193 191 189 183 150 156 152 165 180 181 180 147
 202 200 198 197 195 192 152  52  19  19  61 142 107 156 184 147
 203 202 200 198 196 187  65  13  10  10  26 134 132  36 130 149
 204 204 201 199 197 184  36  15  11   9  11  27  62  20  76 145
 206 205 203 201 198 191  66  19  16  12  24 125 143  45 147 147
 207 206 204 202 199 195 162  62  34  18  69 144 124 169 189 147
 208 206 204 203 200 198 195 188 167 153 154 178 190 190 189 143
 208 206 205 204 203 200 198 196 195 192 192 193 192 192 191 140
 208 169 203 201 203 202 199 198 197 195 193 194 193 192 190 136
 206 127 177 202 205 203 201 198 197 196 195 194 193 192 190 137
 206 129 160 194 202 204 202 199 198 197 195 195 194 193 191 138
 206 113 136 199 206 205 200 200 199 198 196 195 194 193 191 137
 207 142 120 194 200 204 200 200 199 198 197 196 194 193 191 134
 210 191 108 204 206 205 195 200 200 199 198 197 194 193 192 133
 211 207 158 207 207 205 194 201 199 198 196 196 194 193 192 132
 204 202 201 200 199 194 192 189 188 186 177 178 175 171 163 102
 170 168 166 163 162 161 160 155 113 126 127 142 151 152 150 123
 174 171 169 166 165 164 126  34   9  10  43 114  77 124 153 125
 175 173 171 168 167 161  47  10   8   8  16 105 112  18  97 123
 177 174 172 170 167 157  22  10   9   8   9  13  43   9  38 123
 178 176 174 171 170 164  54   9  10  10   9 105 108  23 118 124
 178 177 174 172 171 166 138  48  17  11  49 116  93 140 159 122
 179 178 176 174 172 169 167 161 141 128 126 150 159 161 159 118
 179 177 176 175 173 171 169 167 166 163 163 163 163 162 161 118
 180 140 176 174 175 172 170 169 167 167 164 164 163 161 161 116
 179  95 150 173 176 173 171 170 168 167 165 165 163 163 161 116
 180 103 129 167 174 175 173 171 169 168 165 166 165 163 161 115
 180  89 106 171 176 175 171 170 170 168 166 165 165 163 161 114
 180 114  89 169 169 175 171 170 171 169 167 166 164 164 162 112
 181 164  79 175 178 177 168 171 172 169 168 167 165 164 163 109
 182 179 133 178 177 177 166 172 172 170 168 167 166 164 162 109
 175 175 172 171 168 169 165 163 161 158 150 148 145 146 139  85
 186 185 184 181 179 178 175 165 132 137 137 148 165 168 166 143
 189 189 185 184 182 180 138  43  11  14  56 136  96 133 167 143
 191 190 188 185 184 176  53  17  14  10  24 115 132  31 108 144
 192 191 188 186 185 174  41  14  11  11  11  25  62  19  57 137
 194 192 190 188 187 180  76  14  11  14  22 121 133  41 135 144
 196 194 191 189 187 184 152  69  31  25  70 135 111 158 176 142
 196 195 192 190 188 186 183 177 159 146 147 168 176 177 176 139
 196 194 193 191 190 187 185 183 183 180 181 180 179 179 176 140
 196 156 192 189 190 189 187 186 184 183 182 182 181 178 177 137
 196 117 167 188 192 189 188 186 185 183 183 182 180 179 177 136
 196 125 147 181 190 191 190 188 186 185 184 183 182 180 178 135
 195 110 127 186 193 191 187 187 187 186 183 182 182 180 178 135
 197 136 112 185 186 191 188 186 188 186 184 183 182 181 179 134
 199 181 100 192 195 194 184 187 189 187 185 184 183 181 179 130
 198 195 149 195 195 194 184 188 189 187 185 184 183 182 179 131
 189 188 185 185 186 183 181 178 176 174 167 164 161 160 151 102

 147 147 149 145 147 147 143 140 136 137 138 137 134 133 132 102
 180 184 130  76 147 189 189 191 190 190 191 191 191 192 192 163
 181 156  36  20  45 169 190 192 192 192 193 193 193 193 193 171
 180 107 132  62 143 124 190 192 193 193 194 194 194 194 194 175
 165 142 134  27 125 144 178 193 194 194 195 195 196 197 196 178
 152  61  26  11  24  69 154 192 193 195 195 196 197 198 196 177
 156  19  10   9  12  18 153 192 195 196 197 198 198 199 198 186
 150  19  10  11  16  34 167 195 197 197 198 199 199 200 199 188
 183  52  13  15  19  62 188 196 198 198 199 200 200 200 201 189
 189 152  65  36  66 162 195 198 199 201 202 200 200 195 194 192
 191 192 187 184 191 195 198 200 202 203 204 205 204 205 205 194
 193 195 196 197 198 199 200 203 203 205 202 206 200 206 207 199
 193 197 198 199 201 202 203 204 201 202 194 199 194 204 207 200
 195 198 200 201 203 204 204 205 203 177 160 136 120 108 158 201
 198 200 202 204 205 206 206 206 169 127 129 113 142 191 207 202
 197 202 203 204 206 207 208 208 208 206 206 206 207 210 211 204
 123 125 123 123 124 122 118 118 116 116 115 114 112 109 109  85
 150 153  97  38 118 159 159 161 161 161 161 161 162 163 162 139
 152 124  18   9  23 140 161 162 161 163 163 163 164 164 164 146
 151  77 112  43 108  93 159 163 163 163 165 165 164 165 166 145
 142 114 105  13 105 116 150 163 164 165 166 165 166 167 167 148
 127  43  16   9   9  49 126 163 164 165 165 166 167 168 168 150
 126  10   8   8  10  11 128 163 167 167 168 168 169 169 170 158
 113   9   8   9  10  17 141 166 167 168 169 170 171 172 172 161
 155  34  10  10   9  48 161 167 169 170 171 170 170 171 172 163
 160 126  47  22  54 138 167 169 170 171 173 171 171 168 166 165
 161 164 161 157 164 166 169 171 172 173 175 175 175 177 177 169
 162 165 167 167 170 171 172 173 175 176 174 176 169 178 177 168
 163 166 168 170 171 172 174 175 174 173 167 171 169 175 178 171
 166 169 171 172 174 174 176 176 176 150 129 106  89  79 133 172
 168 171 173 174 176 177 178 177 140  95 103  89 114 164 179 175
 170 174 175 177 178 178 179 179 180 179 180 180 180 181 182 175
 143 143 144 137 144 142 139 140 137 136 135 135 134 130 131 102
 166 167 108  57 135 176 176 176 177 177 178 178 179 179 179 151
 168 133  31  19  41 158 177 179 178 179 180 180 181 181 182 160
 165  96 132  62 133 111 176 179 181 180 182 182 182 183 183 161
 148 136 115  25 121 135 168 180 182 182 183 182 183 184 184 164
 137  56  24  11  22  70 147 181 182 183 184 183 184 185 185 167
 137  14  10  11  14  25 146 180 183 183 185 186 186 187 187 174
 132  11  14  11  11  31 159 183 184 185 186 187 188 189 189 176
 165  43  17  14  14  69 177 183 186 186 188 187 186 187 188 178
 175 138  53  41  76 152 183 185 187 188 190 187 188 184 184 181
 178 180 176 174 180 184 186 187 189 189 191 191 191 194 194 183
 179 182 184 185 187 187 188 190 190 192 190 193 186 195 195 186
 181 184 185 186 188 189 190 191 189 188 181 186 185 192 195 185
 184 185 188 188 190 191 192 193 192 167 147 127 112 100 149 185
 185 189 190 191 192 194 195 194 156 117 125 110 136 181 195 188
 186 189 191 192 194 196 196 196 196 196 196 195 197 199 198 189

 102 163 171 175 178 177 186 188 189 192 194 199 200 201 202 204
 132 192 193 194 196 196 198 199 201 194 205 207 207 158 207 211
 133 192 193 194 197 198 199 200 200 195 205 206 204 108 191 210
 134 191 193 194 196 197 198 199 200 200 204 200 194 120 142 207
 137 191 193 194 195 196 198 199 200 200 205 206 199 136 113 206
 138 191 193 194 195 195 197 198 199 202 204 202 194 160 129 206
 137 190 192 193 194 195 196 197 198 201 203 205 202 177 127 206
 136 190 192 193 194 193 195 197 198 199 202 203 201 203 169 208
 140 191 192 192 193 192 192 195 196 198 200 203 204 205 206 208
 143 189 190 190 178 154 153 167 188 195 198 200 203 204 206 208
 147 189 169 124 144  69  18  34  62 162 195 199 202 204 206 207
 147 147  45 143 125  24  12  16  19  66 191 198 201 203 205 206
 145  76  20  62  27  11   9  11  15  36 184 197 199 201 204 204
 149 130  36 132 134  26  10  10  13  65 187 196 198 200 202 203
 147 184 156 107 142  61  19  19  52 152 192 195 197 198 200 202
 147 180 181 180 165 152 156 150 183 189 191 193 193 195 198 197
  85 139 146 145 148 150 158 161 163 165 169 168 171 172 175 175
 109 162 164 166 167 168 170 172 172 166 177 177 178 133 179 182
 109 163 164 165 167 168 169 172 171 168 177 178 175  79 164 181
 112 162 164 164 166 167 169 171 170 171 175 169 169  89 114 180
 114 161 163 165 165 166 168 170 170 171 175 176 171 106  89 180
 115 161 163 165 166 165 168 169 171 173 175 174 167 129 103 180
 116 161 163 163 165 165 167 168 170 171 173 176 173 150  95 179
 116 161 161 163 164 164 167 167 169 170 172 175 174 176 140 180
 118 161 162 163 163 163 163 166 167 169 171 173 175 176 177 179
 118 159 161 159 150 126 128 141 161 167 169 172 174 176 178 179
 122 159 140  93 116  49  11  17  48 138 166 171 172 174 177 178
 124 118  23 108 105   9  10  10   9  54 164 170 171 174 176 178
 123  38   9  43  13   9   8   9  10  22 157 167 170 172 174 177
 123  97  18 112 105  16   8   8  10  47 161 167 168 171 173 175
 125 153 124  77 114  43  10   9  34 126 164 165 166 169 171 174
 123 150 152 151 142 127 126 113 155 160 161 162 163 166 168 170
 102 151 160 161 164 167 174 176 178 181 183 186 185 185 188 189
 131 179 182 183 184 185 187 189 188 184 194 195 195 149 195 198
 130 179 181 183 184 185 187 189 187 184 194 195 192 100 181 199
 134 179 181 182 183 184 186 188 186 188 191 186 185 112 136 197
 135 178 180 182 182 183 186 187 187 187 191 193 186 127 110 195
 135 178 180 182 183 184 185 186 188 190 191 190 181 147 125 196
 136 177 179 180 182 183 183 185 186 188 189 192 188 167 117 196
 137 177 178 181 182 182 183 184 186 187 189 190 189 192 156 196
 140 176 179 179 180 181 180 183 183 185 187 190 191 193 194 196
 139 176 177 176 168 147 146 159 177 183 186 188 190 192 195 196
 142 176 158 111 135  70  25  31  69 152 184 187 189 191 194 196
 144 135  41 133 121  22  14  11  14  76 180 187 188 190 192 194
 137  57  19  62  25  11  11  11  14  41 174 185 186 188 191 192
 144 108  31 132 115  24  10  14  17  53 176 184 185 188 190 191
 143 167 133  96 136  56  14  11  43 138 180 182 184 185 189 189
 143 166 168 165 148 137 137 132 165 175 178 179 181 184 185 186

